10 1.0 0.6666666666666666 0.49 0.9821428571428571
10 1.2 0.8653846153846154 0.85 0.8928571428571429
10 1.4 0.8076923076923077 0.94 0.5714285714285714
10 1.5999999999999999 0.782051282051282 0.97 0.44642857142857145
10 1.7999999999999998 0.7756410256410257 0.99 0.39285714285714285
10 1.9999999999999998 0.7628205128205128 0.99 0.35714285714285715
10 2.1999999999999997 0.7371794871794872 1.0 0.26785714285714285
10 2.3999999999999995 0.7307692307692307 1.0 0.25
10 2.5999999999999996 0.7243589743589743 1.0 0.23214285714285715
10 2.8 0.6987179487179487 1.0 0.16071428571428573
10 2.9999999999999996 0.6794871794871795 1.0 0.10714285714285714
10 3.1999999999999993 0.6602564102564102 1.0 0.05357142857142857
10 3.3999999999999995 0.6602564102564102 1.0 0.05357142857142857
10 3.5999999999999996 0.6538461538461539 1.0 0.03571428571428571
10 3.7999999999999994 0.6474358974358975 1.0 0.017857142857142856
10 3.999999999999999 0.6474358974358975 1.0 0.017857142857142856
10 4.199999999999999 0.6474358974358975 1.0 0.017857142857142856
10 4.3999999999999995 0.6474358974358975 1.0 0.017857142857142856
10 4.6 0.6474358974358975 1.0 0.017857142857142856
10 4.799999999999999 0.6474358974358975 1.0 0.017857142857142856
10 4.999999999999999 0.6474358974358975 1.0 0.017857142857142856
