5 1.0 0.6089743589743589 0.5 0.8035714285714286
5 1.2 0.7948717948717948 0.85 0.6964285714285714
5 1.4 0.7628205128205128 0.92 0.48214285714285715
5 1.5999999999999999 0.7692307692307693 0.97 0.4107142857142857
5 1.7999999999999998 0.7243589743589743 0.98 0.26785714285714285
5 1.9999999999999998 0.717948717948718 0.99 0.23214285714285715
5 2.1999999999999997 0.717948717948718 1.0 0.21428571428571427
5 2.3999999999999995 0.6987179487179487 1.0 0.16071428571428573
5 2.5999999999999996 0.6923076923076923 1.0 0.14285714285714285
5 2.8 0.6794871794871795 1.0 0.10714285714285714
5 2.9999999999999996 0.6666666666666666 1.0 0.07142857142857142
5 3.1999999999999993 0.6602564102564102 1.0 0.05357142857142857
5 3.3999999999999995 0.6538461538461539 1.0 0.03571428571428571
5 3.5999999999999996 0.6474358974358975 1.0 0.017857142857142856
5 3.7999999999999994 0.6474358974358975 1.0 0.017857142857142856
5 3.999999999999999 0.6474358974358975 1.0 0.017857142857142856
5 4.199999999999999 0.6474358974358975 1.0 0.017857142857142856
5 4.3999999999999995 0.6474358974358975 1.0 0.017857142857142856
5 4.6 0.6474358974358975 1.0 0.017857142857142856
5 4.799999999999999 0.6474358974358975 1.0 0.017857142857142856
5 4.999999999999999 0.6410256410256411 1.0 0.0