5 1.0 0.6474358974358975 0.46 0.9821428571428571
5 1.2 0.8717948717948718 0.86 0.8928571428571429
5 1.4 0.9102564102564102 0.93 0.875
5 1.5999999999999999 0.9102564102564102 0.97 0.8035714285714286
5 1.7999999999999998 0.9102564102564102 0.99 0.7678571428571429
5 1.9999999999999998 0.8846153846153846 1.0 0.6785714285714286
5 2.1999999999999997 0.8717948717948718 1.0 0.6428571428571429
5 2.3999999999999995 0.8717948717948718 1.0 0.6428571428571429
5 2.5999999999999996 0.8525641025641025 1.0 0.5892857142857143
5 2.8 0.8397435897435898 1.0 0.5535714285714286
5 2.9999999999999996 0.8269230769230769 1.0 0.5178571428571429
5 3.1999999999999993 0.8269230769230769 1.0 0.5178571428571429
5 3.3999999999999995 0.8269230769230769 1.0 0.5178571428571429
5 3.5999999999999996 0.8205128205128205 1.0 0.5
5 3.7999999999999994 0.8076923076923077 1.0 0.4642857142857143
5 3.999999999999999 0.8076923076923077 1.0 0.4642857142857143
5 4.199999999999999 0.8076923076923077 1.0 0.4642857142857143
5 4.3999999999999995 0.7948717948717948 1.0 0.42857142857142855
5 4.6 0.7948717948717948 1.0 0.42857142857142855
5 4.799999999999999 0.7692307692307693 1.0 0.35714285714285715
5 4.999999999999999 0.7692307692307693 1.0 0.35714285714285715
