10 1.0 0.6025641025641025 0.39 0.9821428571428571
10 1.2 0.8333333333333334 0.79 0.9107142857142857
10 1.4 0.9102564102564102 0.93 0.875
10 1.5999999999999999 0.9294871794871795 0.98 0.8392857142857143
10 1.7999999999999998 0.9294871794871795 0.99 0.8214285714285714
10 1.9999999999999998 0.8974358974358975 1.0 0.7142857142857143
10 2.1999999999999997 0.8782051282051282 1.0 0.6607142857142857
10 2.3999999999999995 0.8589743589743589 1.0 0.6071428571428571
10 2.5999999999999996 0.8525641025641025 1.0 0.5892857142857143
10 2.8 0.8333333333333334 1.0 0.5357142857142857
10 2.9999999999999996 0.8333333333333334 1.0 0.5357142857142857
10 3.1999999999999993 0.8269230769230769 1.0 0.5178571428571429
10 3.3999999999999995 0.8269230769230769 1.0 0.5178571428571429
10 3.5999999999999996 0.8269230769230769 1.0 0.5178571428571429
10 3.7999999999999994 0.8269230769230769 1.0 0.5178571428571429
10 3.999999999999999 0.8269230769230769 1.0 0.5178571428571429
10 4.199999999999999 0.8141025641025641 1.0 0.48214285714285715
10 4.3999999999999995 0.8012820512820513 1.0 0.44642857142857145
10 4.6 0.7948717948717948 1.0 0.42857142857142855
10 4.799999999999999 0.7884615384615384 1.0 0.4107142857142857
10 4.999999999999999 0.782051282051282 1.0 0.39285714285714285