5 1.0 0.6666666666666666 0.5 0.9642857142857143
5 1.2 0.8589743589743589 0.82 0.9285714285714286
5 1.4 0.9166666666666666 0.94 0.875
5 1.5999999999999999 0.9230769230769231 0.98 0.8214285714285714
5 1.7999999999999998 0.9102564102564102 0.99 0.7678571428571429
5 1.9999999999999998 0.8910256410256411 0.99 0.7142857142857143
5 2.1999999999999997 0.8782051282051282 1.0 0.6607142857142857
5 2.3999999999999995 0.8589743589743589 1.0 0.6071428571428571
5 2.5999999999999996 0.8525641025641025 1.0 0.5892857142857143
5 2.8 0.8397435897435898 1.0 0.5535714285714286
5 2.9999999999999996 0.8397435897435898 1.0 0.5535714285714286
5 3.1999999999999993 0.8397435897435898 1.0 0.5535714285714286
5 3.3999999999999995 0.8333333333333334 1.0 0.5357142857142857
5 3.5999999999999996 0.8269230769230769 1.0 0.5178571428571429
5 3.7999999999999994 0.8269230769230769 1.0 0.5178571428571429
5 3.999999999999999 0.8269230769230769 1.0 0.5178571428571429
5 4.199999999999999 0.8141025641025641 1.0 0.48214285714285715
5 4.3999999999999995 0.8141025641025641 1.0 0.48214285714285715
5 4.6 0.8076923076923077 1.0 0.4642857142857143
5 4.799999999999999 0.8076923076923077 1.0 0.4642857142857143
5 4.999999999999999 0.7948717948717948 1.0 0.42857142857142855
