15 1.0 0.6089743589743589 0.4 0.9821428571428571
15 1.2 0.8717948717948718 0.85 0.9107142857142857
15 1.4 0.9166666666666666 0.94 0.875
15 1.5999999999999999 0.9294871794871795 0.98 0.8392857142857143
15 1.7999999999999998 0.9230769230769231 0.99 0.8035714285714286
15 1.9999999999999998 0.8910256410256411 1.0 0.6964285714285714
15 2.1999999999999997 0.8653846153846154 1.0 0.625
15 2.3999999999999995 0.8525641025641025 1.0 0.5892857142857143
15 2.5999999999999996 0.8397435897435898 1.0 0.5535714285714286
15 2.8 0.8333333333333334 1.0 0.5357142857142857
15 2.9999999999999996 0.8333333333333334 1.0 0.5357142857142857
15 3.1999999999999993 0.8269230769230769 1.0 0.5178571428571429
15 3.3999999999999995 0.8269230769230769 1.0 0.5178571428571429
15 3.5999999999999996 0.8269230769230769 1.0 0.5178571428571429
15 3.7999999999999994 0.8141025641025641 1.0 0.48214285714285715
15 3.999999999999999 0.8076923076923077 1.0 0.4642857142857143
15 4.199999999999999 0.7948717948717948 1.0 0.42857142857142855
15 4.3999999999999995 0.7884615384615384 1.0 0.4107142857142857
15 4.6 0.7756410256410257 1.0 0.375
15 4.799999999999999 0.7692307692307693 1.0 0.35714285714285715
15 4.999999999999999 0.7564102564102564 1.0 0.32142857142857145